time	time	departures_all	arrivals_all	stuck_all	en-route_all	departures_car	arrivals_car	stuck_car	en-route_car
00:00:00	0	926	0	0	926	926	0	0	926
00:05:00	300	885	0	0	1811	885	0	0	1811
00:10:00	600	751	12	0	2550	751	12	0	2550
00:15:00	900	707	115	0	3142	707	115	0	3142
00:20:00	1200	771	361	0	3552	771	361	0	3552
00:25:00	1500	769	505	0	3816	769	505	0	3816
00:30:00	1800	639	505	0	3950	639	505	0	3950
00:35:00	2100	647	533	0	4064	647	533	0	4064
00:40:00	2400	705	534	0	4235	705	534	0	4235
00:45:00	2700	665	566	0	4334	665	566	0	4334
00:50:00	3000	561	590	0	4305	561	590	0	4305
00:55:00	3300	720	543	0	4482	720	543	0	4482
01:00:00	3600	621	630	0	4473	621	630	0	4473
01:05:00	3900	598	646	0	4425	598	646	0	4425
01:10:00	4200	582	595	0	4412	582	595	0	4412
01:15:00	4500	487	618	0	4281	487	618	0	4281
01:20:00	4800	466	600	0	4147	466	600	0	4147
01:25:00	5100	510	597	0	4060	510	597	0	4060
01:30:00	5400	442	599	0	3903	442	599	0	3903
01:35:00	5700	440	579	0	3764	440	579	0	3764
01:40:00	6000	477	508	0	3733	477	508	0	3733
01:45:00	6300	486	517	0	3702	486	517	0	3702
01:50:00	6600	403	495	0	3610	403	495	0	3610
01:55:00	6900	476	495	0	3591	476	495	0	3591
02:00:00	7200	404	466	0	3529	404	466	0	3529
02:05:00	7500	413	458	0	3484	413	458	0	3484
02:10:00	7800	428	453	0	3459	428	453	0	3459
02:15:00	8100	403	495	0	3367	403	495	0	3367
02:20:00	8400	351	430	0	3288	351	430	0	3288
02:25:00	8700	380	385	0	3283	380	385	0	3283
02:30:00	9000	389	377	0	3295	389	377	0	3295
02:35:00	9300	427	366	0	3356	427	366	0	3356
02:40:00	9600	354	380	0	3330	354	380	0	3330
02:45:00	9900	380	381	0	3329	380	381	0	3329
02:50:00	10200	380	380	0	3329	380	380	0	3329
02:55:00	10500	380	380	0	3329	380	380	0	3329
03:00:00	10800	380	380	0	3329	380	380	0	3329
03:05:00	11100	343	380	0	3292	343	380	0	3292
03:10:00	11400	325	380	0	3237	325	380	0	3237
03:15:00	11700	358	380	0	3215	358	380	0	3215
03:20:00	12000	362	372	0	3205	362	372	0	3205
03:25:00	12300	270	380	0	3095	270	380	0	3095
03:30:00	12600	270	376	0	2989	270	376	0	2989
03:35:00	12900	270	357	0	2902	270	357	0	2902
03:40:00	13200	255	380	0	2777	255	380	0	2777
03:45:00	13500	270	375	0	2672	270	375	0	2672
03:50:00	13800	251	380	0	2543	251	380	0	2543
03:55:00	14100	275	380	0	2438	275	380	0	2438
04:00:00	14400	446	370	0	2514	446	370	0	2514
04:05:00	14700	440	380	0	2574	440	380	0	2574
04:10:00	15000	440	357	0	2657	440	357	0	2657
04:15:00	15300	510	366	0	2801	510	366	0	2801
04:20:00	15600	389	305	0	2885	389	305	0	2885
04:25:00	15900	297	299	0	2883	297	299	0	2883
04:30:00	16200	330	380	0	2833	330	380	0	2833
04:35:00	16500	440	379	0	2894	440	379	0	2894
04:40:00	16800	435	369	0	2960	435	369	0	2960
04:45:00	17100	424	378	0	3006	424	378	0	3006
04:50:00	17400	339	385	0	2960	339	385	0	2960
04:55:00	17700	166	354	0	2772	166	354	0	2772
05:00:00	18000	133	440	0	2465	133	440	0	2465
05:05:00	18300	225	440	0	2250	225	440	0	2250
05:10:00	18600	238	440	0	2048	238	440	0	2048
05:15:00	18900	225	440	0	1833	225	440	0	1833
05:20:00	19200	313	254	0	1892	313	254	0	1892
05:25:00	19500	511	335	0	2068	511	335	0	2068
05:30:00	19800	455	349	0	2174	455	349	0	2174
05:35:00	20100	227	382	0	2019	227	382	0	2019
05:40:00	20400	280	330	0	1969	280	330	0	1969
05:45:00	20700	274	283	0	1960	274	283	0	1960
05:50:00	21000	215	278	0	1897	215	278	0	1897
05:55:00	21300	170	335	0	1732	170	335	0	1732
06:00:00	21600	74	335	0	1471	74	335	0	1471
06:05:00	21900	258	335	0	1394	258	335	0	1394
06:10:00	22200	398	335	0	1457	398	335	0	1457
06:15:00	22500	372	279	0	1550	372	279	0	1550
06:20:00	22800	222	280	0	1492	222	280	0	1492
06:25:00	23100	329	388	0	1433	329	388	0	1433
06:30:00	23400	369	366	0	1436	369	366	0	1436
06:35:00	23700	340	395	0	1381	340	395	0	1381
06:40:00	24000	340	362	0	1359	340	362	0	1359
06:45:00	24300	340	334	0	1365	340	334	0	1365
06:50:00	24600	384	285	0	1464	384	285	0	1464
06:55:00	24900	301	285	0	1480	301	285	0	1480
07:00:00	25200	185	266	0	1399	185	266	0	1399
07:05:00	25500	202	340	0	1261	202	340	0	1261
07:10:00	25800	225	257	0	1229	225	257	0	1229
07:15:00	26100	225	225	0	1229	225	225	0	1229
07:20:00	26400	258	186	0	1301	258	186	0	1301
07:25:00	26700	225	225	0	1301	225	225	0	1301
07:30:00	27000	225	225	0	1301	225	225	0	1301
07:35:00	27300	126	225	0	1202	126	225	0	1202
07:40:00	27600	110	225	0	1087	110	225	0	1087
07:45:00	27900	77	225	0	939	77	225	0	939
07:50:00	28200	0	165	0	774	0	165	0	774
07:55:00	28500	44	110	0	708	44	110	0	708
08:00:00	28800	110	110	0	708	110	110	0	708
08:05:00	29100	110	110	0	708	110	110	0	708
08:10:00	29400	110	110	0	708	110	110	0	708
08:15:00	29700	132	110	0	730	132	110	0	730
08:20:00	30000	170	110	0	790	170	110	0	790
08:25:00	30300	110	110	0	790	110	110	0	790
08:30:00	30600	110	67	0	833	110	67	0	833
08:35:00	30900	110	110	0	833	110	110	0	833
08:40:00	31200	82	110	0	805	82	110	0	805
08:45:00	31500	0	110	0	695	0	110	0	695
08:50:00	31800	0	110	0	585	0	110	0	585
08:55:00	32100	0	110	0	475	0	110	0	475
09:00:00	32400	0	0	1171	-696	0	0	475	0
09:05:00	32700	0	0	0	-696	0	0	0	0
09:10:00	33000	0	0	0	-696	0	0	0	0
09:15:00	33300	0	0	0	-696	0	0	0	0
09:20:00	33600	0	0	0	-696	0	0	0	0
09:25:00	33900	0	0	0	-696	0	0	0	0
09:30:00	34200	0	0	0	-696	0	0	0	0
09:35:00	34500	0	0	0	-696	0	0	0	0
09:40:00	34800	0	0	0	-696	0	0	0	0
09:45:00	35100	0	0	0	-696	0	0	0	0
09:50:00	35400	0	0	0	-696	0	0	0	0
09:55:00	35700	0	0	0	-696	0	0	0	0
10:00:00	36000	0	0	0	-696	0	0	0	0
10:05:00	36300	0	0	0	-696	0	0	0	0
10:10:00	36600	0	0	0	-696	0	0	0	0
10:15:00	36900	0	0	0	-696	0	0	0	0
10:20:00	37200	0	0	0	-696	0	0	0	0
10:25:00	37500	0	0	0	-696	0	0	0	0
10:30:00	37800	0	0	0	-696	0	0	0	0
10:35:00	38100	0	0	0	-696	0	0	0	0
10:40:00	38400	0	0	0	-696	0	0	0	0
10:45:00	38700	0	0	0	-696	0	0	0	0
10:50:00	39000	0	0	0	-696	0	0	0	0
10:55:00	39300	0	0	0	-696	0	0	0	0
11:00:00	39600	0	0	0	-696	0	0	0	0
11:05:00	39900	0	0	0	-696	0	0	0	0
11:10:00	40200	0	0	0	-696	0	0	0	0
11:15:00	40500	0	0	0	-696	0	0	0	0
11:20:00	40800	0	0	0	-696	0	0	0	0
11:25:00	41100	0	0	0	-696	0	0	0	0
11:30:00	41400	0	0	0	-696	0	0	0	0
11:35:00	41700	0	0	0	-696	0	0	0	0
11:40:00	42000	0	0	0	-696	0	0	0	0
11:45:00	42300	0	0	0	-696	0	0	0	0
11:50:00	42600	0	0	0	-696	0	0	0	0
11:55:00	42900	0	0	0	-696	0	0	0	0
12:00:00	43200	0	0	0	-696	0	0	0	0
12:05:00	43500	0	0	0	-696	0	0	0	0
12:10:00	43800	0	0	0	-696	0	0	0	0
12:15:00	44100	0	0	0	-696	0	0	0	0
12:20:00	44400	0	0	0	-696	0	0	0	0
12:25:00	44700	0	0	0	-696	0	0	0	0
12:30:00	45000	0	0	0	-696	0	0	0	0
12:35:00	45300	0	0	0	-696	0	0	0	0
12:40:00	45600	0	0	0	-696	0	0	0	0
12:45:00	45900	0	0	0	-696	0	0	0	0
12:50:00	46200	0	0	0	-696	0	0	0	0
12:55:00	46500	0	0	0	-696	0	0	0	0
13:00:00	46800	0	0	0	-696	0	0	0	0
13:05:00	47100	0	0	0	-696	0	0	0	0
13:10:00	47400	0	0	0	-696	0	0	0	0
13:15:00	47700	0	0	0	-696	0	0	0	0
13:20:00	48000	0	0	0	-696	0	0	0	0
13:25:00	48300	0	0	0	-696	0	0	0	0
13:30:00	48600	0	0	0	-696	0	0	0	0
13:35:00	48900	0	0	0	-696	0	0	0	0
13:40:00	49200	0	0	0	-696	0	0	0	0
13:45:00	49500	0	0	0	-696	0	0	0	0
13:50:00	49800	0	0	0	-696	0	0	0	0
13:55:00	50100	0	0	0	-696	0	0	0	0
14:00:00	50400	0	0	0	-696	0	0	0	0
14:05:00	50700	0	0	0	-696	0	0	0	0
14:10:00	51000	0	0	0	-696	0	0	0	0
14:15:00	51300	0	0	0	-696	0	0	0	0
14:20:00	51600	0	0	0	-696	0	0	0	0
14:25:00	51900	0	0	0	-696	0	0	0	0
14:30:00	52200	0	0	0	-696	0	0	0	0
14:35:00	52500	0	0	0	-696	0	0	0	0
14:40:00	52800	0	0	0	-696	0	0	0	0
14:45:00	53100	0	0	0	-696	0	0	0	0
14:50:00	53400	0	0	0	-696	0	0	0	0
14:55:00	53700	0	0	0	-696	0	0	0	0
15:00:00	54000	0	0	0	-696	0	0	0	0
15:05:00	54300	0	0	0	-696	0	0	0	0
15:10:00	54600	0	0	0	-696	0	0	0	0
15:15:00	54900	0	0	0	-696	0	0	0	0
15:20:00	55200	0	0	0	-696	0	0	0	0
15:25:00	55500	0	0	0	-696	0	0	0	0
15:30:00	55800	0	0	0	-696	0	0	0	0
15:35:00	56100	0	0	0	-696	0	0	0	0
15:40:00	56400	0	0	0	-696	0	0	0	0
15:45:00	56700	0	0	0	-696	0	0	0	0
15:50:00	57000	0	0	0	-696	0	0	0	0
15:55:00	57300	0	0	0	-696	0	0	0	0
16:00:00	57600	0	0	0	-696	0	0	0	0
16:05:00	57900	0	0	0	-696	0	0	0	0
16:10:00	58200	0	0	0	-696	0	0	0	0
16:15:00	58500	0	0	0	-696	0	0	0	0
16:20:00	58800	0	0	0	-696	0	0	0	0
16:25:00	59100	0	0	0	-696	0	0	0	0
16:30:00	59400	0	0	0	-696	0	0	0	0
16:35:00	59700	0	0	0	-696	0	0	0	0
16:40:00	60000	0	0	0	-696	0	0	0	0
16:45:00	60300	0	0	0	-696	0	0	0	0
16:50:00	60600	0	0	0	-696	0	0	0	0
16:55:00	60900	0	0	0	-696	0	0	0	0
17:00:00	61200	0	0	0	-696	0	0	0	0
17:05:00	61500	0	0	0	-696	0	0	0	0
17:10:00	61800	0	0	0	-696	0	0	0	0
17:15:00	62100	0	0	0	-696	0	0	0	0
17:20:00	62400	0	0	0	-696	0	0	0	0
17:25:00	62700	0	0	0	-696	0	0	0	0
17:30:00	63000	0	0	0	-696	0	0	0	0
17:35:00	63300	0	0	0	-696	0	0	0	0
17:40:00	63600	0	0	0	-696	0	0	0	0
17:45:00	63900	0	0	0	-696	0	0	0	0
17:50:00	64200	0	0	0	-696	0	0	0	0
17:55:00	64500	0	0	0	-696	0	0	0	0
18:00:00	64800	0	0	0	-696	0	0	0	0
18:05:00	65100	0	0	0	-696	0	0	0	0
18:10:00	65400	0	0	0	-696	0	0	0	0
18:15:00	65700	0	0	0	-696	0	0	0	0
18:20:00	66000	0	0	0	-696	0	0	0	0
18:25:00	66300	0	0	0	-696	0	0	0	0
18:30:00	66600	0	0	0	-696	0	0	0	0
18:35:00	66900	0	0	0	-696	0	0	0	0
18:40:00	67200	0	0	0	-696	0	0	0	0
18:45:00	67500	0	0	0	-696	0	0	0	0
18:50:00	67800	0	0	0	-696	0	0	0	0
18:55:00	68100	0	0	0	-696	0	0	0	0
19:00:00	68400	0	0	0	-696	0	0	0	0
19:05:00	68700	0	0	0	-696	0	0	0	0
19:10:00	69000	0	0	0	-696	0	0	0	0
19:15:00	69300	0	0	0	-696	0	0	0	0
19:20:00	69600	0	0	0	-696	0	0	0	0
19:25:00	69900	0	0	0	-696	0	0	0	0
19:30:00	70200	0	0	0	-696	0	0	0	0
19:35:00	70500	0	0	0	-696	0	0	0	0
19:40:00	70800	0	0	0	-696	0	0	0	0
19:45:00	71100	0	0	0	-696	0	0	0	0
19:50:00	71400	0	0	0	-696	0	0	0	0
19:55:00	71700	0	0	0	-696	0	0	0	0
20:00:00	72000	0	0	0	-696	0	0	0	0
20:05:00	72300	0	0	0	-696	0	0	0	0
20:10:00	72600	0	0	0	-696	0	0	0	0
20:15:00	72900	0	0	0	-696	0	0	0	0
20:20:00	73200	0	0	0	-696	0	0	0	0
20:25:00	73500	0	0	0	-696	0	0	0	0
20:30:00	73800	0	0	0	-696	0	0	0	0
20:35:00	74100	0	0	0	-696	0	0	0	0
20:40:00	74400	0	0	0	-696	0	0	0	0
20:45:00	74700	0	0	0	-696	0	0	0	0
20:50:00	75000	0	0	0	-696	0	0	0	0
20:55:00	75300	0	0	0	-696	0	0	0	0
21:00:00	75600	0	0	0	-696	0	0	0	0
21:05:00	75900	0	0	0	-696	0	0	0	0
21:10:00	76200	0	0	0	-696	0	0	0	0
21:15:00	76500	0	0	0	-696	0	0	0	0
21:20:00	76800	0	0	0	-696	0	0	0	0
21:25:00	77100	0	0	0	-696	0	0	0	0
21:30:00	77400	0	0	0	-696	0	0	0	0
21:35:00	77700	0	0	0	-696	0	0	0	0
21:40:00	78000	0	0	0	-696	0	0	0	0
21:45:00	78300	0	0	0	-696	0	0	0	0
21:50:00	78600	0	0	0	-696	0	0	0	0
21:55:00	78900	0	0	0	-696	0	0	0	0
22:00:00	79200	0	0	0	-696	0	0	0	0
22:05:00	79500	0	0	0	-696	0	0	0	0
22:10:00	79800	0	0	0	-696	0	0	0	0
22:15:00	80100	0	0	0	-696	0	0	0	0
22:20:00	80400	0	0	0	-696	0	0	0	0
22:25:00	80700	0	0	0	-696	0	0	0	0
22:30:00	81000	0	0	0	-696	0	0	0	0
22:35:00	81300	0	0	0	-696	0	0	0	0
22:40:00	81600	0	0	0	-696	0	0	0	0
22:45:00	81900	0	0	0	-696	0	0	0	0
22:50:00	82200	0	0	0	-696	0	0	0	0
22:55:00	82500	0	0	0	-696	0	0	0	0
23:00:00	82800	0	0	0	-696	0	0	0	0
23:05:00	83100	0	0	0	-696	0	0	0	0
23:10:00	83400	0	0	0	-696	0	0	0	0
23:15:00	83700	0	0	0	-696	0	0	0	0
23:20:00	84000	0	0	0	-696	0	0	0	0
23:25:00	84300	0	0	0	-696	0	0	0	0
23:30:00	84600	0	0	0	-696	0	0	0	0
23:35:00	84900	0	0	0	-696	0	0	0	0
23:40:00	85200	0	0	0	-696	0	0	0	0
23:45:00	85500	0	0	0	-696	0	0	0	0
23:50:00	85800	0	0	0	-696	0	0	0	0
23:55:00	86100	0	0	0	-696	0	0	0	0
24:00:00	86400	0	0	0	-696	0	0	0	0
24:05:00	86700	0	0	0	-696	0	0	0	0
24:10:00	87000	0	0	0	-696	0	0	0	0
24:15:00	87300	0	0	0	-696	0	0	0	0
24:20:00	87600	0	0	0	-696	0	0	0	0
24:25:00	87900	0	0	0	-696	0	0	0	0
24:30:00	88200	0	0	0	-696	0	0	0	0
24:35:00	88500	0	0	0	-696	0	0	0	0
24:40:00	88800	0	0	0	-696	0	0	0	0
24:45:00	89100	0	0	0	-696	0	0	0	0
24:50:00	89400	0	0	0	-696	0	0	0	0
24:55:00	89700	0	0	0	-696	0	0	0	0
25:00:00	90000	0	0	0	-696	0	0	0	0
25:05:00	90300	0	0	0	-696	0	0	0	0
25:10:00	90600	0	0	0	-696	0	0	0	0
25:15:00	90900	0	0	0	-696	0	0	0	0
25:20:00	91200	0	0	0	-696	0	0	0	0
25:25:00	91500	0	0	0	-696	0	0	0	0
25:30:00	91800	0	0	0	-696	0	0	0	0
25:35:00	92100	0	0	0	-696	0	0	0	0
25:40:00	92400	0	0	0	-696	0	0	0	0
25:45:00	92700	0	0	0	-696	0	0	0	0
25:50:00	93000	0	0	0	-696	0	0	0	0
25:55:00	93300	0	0	0	-696	0	0	0	0
26:00:00	93600	0	0	0	-696	0	0	0	0
26:05:00	93900	0	0	0	-696	0	0	0	0
26:10:00	94200	0	0	0	-696	0	0	0	0
26:15:00	94500	0	0	0	-696	0	0	0	0
26:20:00	94800	0	0	0	-696	0	0	0	0
26:25:00	95100	0	0	0	-696	0	0	0	0
26:30:00	95400	0	0	0	-696	0	0	0	0
26:35:00	95700	0	0	0	-696	0	0	0	0
26:40:00	96000	0	0	0	-696	0	0	0	0
26:45:00	96300	0	0	0	-696	0	0	0	0
26:50:00	96600	0	0	0	-696	0	0	0	0
26:55:00	96900	0	0	0	-696	0	0	0	0
27:00:00	97200	0	0	0	-696	0	0	0	0
27:05:00	97500	0	0	0	-696	0	0	0	0
27:10:00	97800	0	0	0	-696	0	0	0	0
27:15:00	98100	0	0	0	-696	0	0	0	0
27:20:00	98400	0	0	0	-696	0	0	0	0
27:25:00	98700	0	0	0	-696	0	0	0	0
27:30:00	99000	0	0	0	-696	0	0	0	0
27:35:00	99300	0	0	0	-696	0	0	0	0
27:40:00	99600	0	0	0	-696	0	0	0	0
27:45:00	99900	0	0	0	-696	0	0	0	0
27:50:00	100200	0	0	0	-696	0	0	0	0
27:55:00	100500	0	0	0	-696	0	0	0	0
28:00:00	100800	0	0	0	-696	0	0	0	0
28:05:00	101100	0	0	0	-696	0	0	0	0
28:10:00	101400	0	0	0	-696	0	0	0	0
28:15:00	101700	0	0	0	-696	0	0	0	0
28:20:00	102000	0	0	0	-696	0	0	0	0
28:25:00	102300	0	0	0	-696	0	0	0	0
28:30:00	102600	0	0	0	-696	0	0	0	0
28:35:00	102900	0	0	0	-696	0	0	0	0
28:40:00	103200	0	0	0	-696	0	0	0	0
28:45:00	103500	0	0	0	-696	0	0	0	0
28:50:00	103800	0	0	0	-696	0	0	0	0
28:55:00	104100	0	0	0	-696	0	0	0	0
29:00:00	104400	0	0	0	-696	0	0	0	0
29:05:00	104700	0	0	0	-696	0	0	0	0
29:10:00	105000	0	0	0	-696	0	0	0	0
29:15:00	105300	0	0	0	-696	0	0	0	0
29:20:00	105600	0	0	0	-696	0	0	0	0
29:25:00	105900	0	0	0	-696	0	0	0	0
29:30:00	106200	0	0	0	-696	0	0	0	0
29:35:00	106500	0	0	0	-696	0	0	0	0
29:40:00	106800	0	0	0	-696	0	0	0	0
29:45:00	107100	0	0	0	-696	0	0	0	0
29:50:00	107400	0	0	0	-696	0	0	0	0
29:55:00	107700	0	0	0	-696	0	0	0	0
30:00:00	108000	0	0	0	-696	0	0	0	0
30:05:00	108300	0	0	0	-696	0	0	0	0
