1101
1119
1221
3717
10215
10262
10530
10537
10540
10541
10560
10561
10562
10563
13760
14351
15277
15278
15957
15958
16141
16142
17685
17686
18156
18928
19016
19249
20353
20358
21210
21221
21467
22494
22502
22519
22837
23300
23326
23327
23349
23350
23367
23371
23372
23602
23603
23604
23770
23771
23773
23774
23775
23776
23825
23828
23829
23830
23831
23833
23834
23835
23836
23837
23838
23839
23841
23843
23844
23845
23846
23847
23848
23849
23852
23853
23855
23860
24098
24099
24102
24103
24104
24105
24118
24119
24120
24121
24122
24123
24679
24693
24694
24696
24697
24698
24702
24780
24798
24800
24942
24955
24956
24957
24959
25000
25133
25134
25143
25146
25174
25181
25186
25187
25188
25189
25190
25191
25192
25313
25314
25315
25316
25317
25318
25319
25320
25322
25323
25324
25325
25326
25327
25364
25588
26420
29605
29606
29607
29608
99100
99101
99102
99107
99108
99109
99110
99111
99112
99113
99114
99115
99116
99117
99118
99119
99120
99121
99122
99123
99124
99125
99126
99127
99128
99129
99130
99131
99132
99133
99134
99135
99136
99137
99186
99187
99188
99189
99190
99191
99362
99363
99364
99365
99366
99367
99368
99369
99370
100002
100003
100004
100006
100010
100011
100012
100013
100014
100017
100018
100019
100020
100021
100022
100023
100024
100025
100026
100027
100028
100029
100030
100031
100032
100033
100034
100035
100036
100037
100038
100039
100040
100041
100042
100043
100044
100045
100046
100047
100048
100050
100051
100052
100056
100058
100059
100060
100061
100063
100064
100065
100068
100070
100073
100077
100081
100082
100083
100084
100085
100087
100088
100089
100090
100091
100092
100093
100094
100095
100096
100098
100099
100100
100101
100103
100104
100105
100106
100107
100108
100112
100113
100114
100116
100117
100118
100119
100120
100125
100129
100130
100131
100132
100133
100134
100137
100138
100140
100141
100143
100146
100147
100149
100150
100153
100154
100155
100156
100157
100159
100160
100161
100162
100163
100168
100171
100172
100173
100176
100178
100181
100182
100183
100184
100185
100188
100192
100193
100195
100196
100197
100198
100199
100200
100201
100202
100203
100204
100205
100206
100207
100208
100213
100214
100215
100216
100217
100219
100220
100221
100223
100224
100225
100227
100230
100231
100232
100235
100236
100237
100239
100240
100244
100246
100253
100254
100255
100257
100258
100259
100260
100261
100262
100263
100264
100265
100266
100267
100268
100269
100270
100272
100273
100274
100275
100276
100277
100278
100279
100280
100281
100282
100283
100284
100286
100291
100294
100296
100297
